1           -0.433696                   0
2           -0.436492          0.00197716
3           -0.441364          0.00419054
4            -0.44276          0.00336726
5           -0.443856          0.00286663
6           -0.446861          0.00363788
7           -0.446374          0.00315068
8           -0.446442          0.00275759
9           -0.445679          0.00255452
10           -0.445395          0.00231487
11            -0.44527          0.00210777
12           -0.445213          0.00193291
13            -0.44471          0.00184843
14           -0.445228          0.00178743
15           -0.444852          0.00170726
16            -0.44404          0.00178344
17           -0.443649          0.00172074
18           -0.443919           0.0016462
19           -0.443856           0.0015608
20           -0.443494          0.00152409
21           -0.443718          0.00146794
22           -0.443468          0.00142233
23           -0.443428          0.00136106
24            -0.44308          0.00134825
25            -0.44309          0.00129436
26           -0.442508          0.00136918
27           -0.442029          0.00139977
28           -0.442147          0.00135475
29           -0.442263          0.00131296
30           -0.442311          0.00127007
31           -0.441895          0.00129549
32           -0.441866          0.00125532
33           -0.441788          0.00121972
34           -0.442138          0.00123324
35           -0.442327          0.00121242
36           -0.442289          0.00117935
37           -0.442295          0.00114749
38           -0.442485          0.00113284
39           -0.442739          0.00113211
40           -0.442617          0.00111044
41           -0.442772          0.00109415
42           -0.442751          0.00106831
43           -0.442915          0.00105598
44             -0.4429          0.00103208
45           -0.442847          0.00101048
46           -0.442906         0.000990223
47           -0.442705         0.000989405
48           -0.442924         0.000992784
49            -0.44297         0.000973565
50           -0.443013         0.000955077
51           -0.443121         0.000942398
52           -0.443263         0.000934873
53           -0.443477         0.000941571
54           -0.443595         0.000931399
55           -0.443571          0.00091477
56           -0.443625         0.000900015
57           -0.443561         0.000886483
58            -0.44348          0.00087486
59           -0.443535         0.000861769
60           -0.443595         0.000849461
61           -0.443606          0.00083561
62           -0.443572         0.000822816
63           -0.443563         0.000809811
64           -0.443711         0.000810644
65            -0.44375          0.00079911
66           -0.444002         0.000825797
67           -0.444052         0.000814988
68           -0.444022         0.000803561
69           -0.444048         0.000792336
70           -0.444268         0.000810942
71           -0.444279         0.000799593
72           -0.444275         0.000788497
73           -0.444242         0.000778369
74           -0.444408         0.000785201
75           -0.444451         0.000775957
76           -0.444437         0.000765887
77           -0.444566          0.00076674
78           -0.444638          0.00076034
79           -0.444626          0.00075082
80           -0.444593         0.000742146
81           -0.444522         0.000736381
82           -0.444577          0.00072948
83           -0.444631         0.000722688
84           -0.444674         0.000715337
85           -0.444653         0.000707222
86           -0.444714         0.000701638
87           -0.444638         0.000697744
88           -0.444657          0.00069007
89           -0.444645         0.000682419
90           -0.444599         0.000676396
91           -0.444575          0.00066938
92           -0.444699         0.000673527
93            -0.44472         0.000666596
94           -0.444879         0.000678236
95           -0.444797         0.000676022
96           -0.444867         0.000672651
97           -0.444831         0.000666672
98           -0.444741         0.000665985
99           -0.444718         0.000659658
100           -0.444863         0.000668848
