-6.93                   0
-6.79                   0
-6.65                   0
-6.51                   0
-6.37                   0
-6.23                   0
-6.09                   0
-5.95                   0
-5.81                   0
-5.67                   0
-5.53                   0
-5.39                   0
-5.25                   0
-5.11                   0
-4.97                   0
-4.83                   0
-4.69                   0
-4.55                   0
-4.41                   0
-4.27                   0
-4.13                   0
-3.99                   0
-3.85                   0
-3.71                   0
-3.57                   0
-3.43                   0
-3.29                   0
-3.15                   0
-3.01                   0
-2.87                   0
-2.73         2.14286e-05
-2.59               5e-05
-2.45         0.000321429
-2.31         0.000742857
-2.17          0.00261429
-2.03             0.00805
-1.89           0.0174857
-1.75             0.03505
-1.61           0.0680857
-1.47            0.118757
-1.33            0.181857
-1.19            0.257821
-1.05            0.327657
-0.91              0.3827
-0.77            0.412871
-0.63            0.406236
-0.49            0.388221
-0.35              0.3442
-0.21            0.322407
-0.07            0.298029
0.07            0.302857
0.21            0.320043
0.35            0.349386
0.49             0.38615
0.63              0.4092
0.77             0.41135
0.91            0.379871
1.05            0.323429
1.19            0.255693
1.33            0.181957
1.47            0.116914
1.61           0.0691857
1.75           0.0352286
1.89           0.0172929
2.03          0.00702143
2.17             0.00265
2.31          0.00107143
2.45         0.000328571
2.59         3.57143e-05
2.73         1.42857e-05
2.87                   0
3.01                   0
3.15                   0
3.29                   0
3.43                   0
3.57                   0
3.71                   0
3.85                   0
3.99                   0
4.13                   0
4.27                   0
4.41                   0
4.55                   0
4.69                   0
4.83                   0
4.97                   0
5.11                   0
5.25                   0
5.39                   0
5.53                   0
5.67                   0
5.81                   0
5.95                   0
6.09                   0
6.23                   0
6.37                   0
6.51                   0
6.65                   0
6.79                   0
6.93                   0
