              1        1.35964              0
              2         1.3177      0.0296561
              3         1.3353      0.0244415
              4        1.34217      0.0192738
              5        1.32368      0.0226115
              6         1.3538      0.0333297
              7        1.32944      0.0363959
              8         1.3366      0.0325421
              9        1.33955      0.0290596
             10        1.34983      0.0279152
             11        1.35485      0.0258247
             12         1.3477      0.0246424
             13        1.34612      0.0227978
             14        1.35048      0.0215837
             15         1.3533      0.0203273
             16        1.35207      0.0190939
             17        1.35121        0.01799
             18        1.34947       0.017075
             19         1.3452      0.0167001
             20        1.34724      0.0159888
             21        1.34993      0.0154517
             22        1.35295      0.0150431
             23        1.34813      0.0151436
             24         1.3454      0.0147564
             25        1.34712      0.0142661
             26        1.35226      0.0146151
             27        1.35092       0.014135
             28        1.35218       0.013686
             29        1.34991      0.0134018
             30        1.34718      0.0132301
             31        1.34813      0.0128377
             32        1.34409      0.0130572
             33         1.3441      0.0126616
             34        1.34612      0.0124493
             35        1.34871      0.0123598
             36        1.34594      0.0123223
             37         1.3449      0.0120335
             38        1.34593      0.0117609
             39        1.34334      0.0117419
             40         1.3439      0.0114618
             41        1.34385      0.0111824
             42        1.34261      0.0109848
             43        1.34245      0.0107305
             44        1.33768      0.0114993
             45        1.33783      0.0112448
             46        1.33802      0.0110018
             47        1.34266      0.0117077
             48          1.342      0.0114824
             49        1.34214      0.0112489
             50        1.34062      0.0111265
