              1       0.197795              0
              2       0.196377     0.00100259
              3       0.198947     0.00220228
              4       0.201146     0.00252069
              5       0.200916     0.00202702
              6       0.201687     0.00182981
              7       0.201042     0.00167805
              8       0.199935     0.00179683
              9       0.199505     0.00164779
             10       0.200499     0.00175735
             11       0.201041       0.001679
             12        0.20051     0.00162061
             13        0.19973     0.00167326
             14       0.200248     0.00163199
             15       0.200499     0.00154226
             16         0.2005     0.00144587
             17       0.200319     0.00137211
             18       0.200589     0.00132219
             19       0.200014     0.00137189
             20       0.200359     0.00134602
             21       0.200365     0.00128194
             22       0.200219     0.00123187
             23       0.200376     0.00118819
             24       0.200151     0.00115979
             25       0.200626     0.00120673
             26       0.200136     0.00125576
             27       0.201011     0.00148297
             28       0.200356     0.00156798
             29       0.200082     0.00153765
             30       0.199382     0.00163812
             31        0.19933     0.00158608
             32       0.198969     0.00157717
             33       0.198961     0.00152939
             34       0.198734     0.00150122
             35       0.198285     0.00152392
             36       0.197945     0.00151913
             37       0.198072     0.00148342
             38       0.197837       0.001463
             39       0.197977     0.00143221
             40       0.197866     0.00140066
             41       0.197786     0.00136882
             42       0.197787     0.00133623
             43       0.197769     0.00130527
             44       0.197584     0.00128873
             45       0.197544     0.00126071
             46       0.197389     0.00124278
             47       0.197362     0.00121663
             48       0.197478     0.00119675
             49       0.197467     0.00117238
             50       0.197062     0.00121678
