              1         0.0336              0
              2        0.03376    0.000113137
              3      0.0382133     0.00363691
              4       0.037345     0.00282945
              5       0.036004      0.0025617
              6        0.03459     0.00249466
              7      0.0319029     0.00328046
              8      0.0321075     0.00287678
              9      0.0322756     0.00256204
             10       0.030836     0.00267992
             11      0.0276036      0.0039286
             12       0.027145     0.00362789
             13      0.0268215     0.00336321
             14      0.0277543     0.00324975
             15       0.027676     0.00303404
             16        0.02922     0.00321335
             17      0.0290082      0.0030313
             18      0.0293433     0.00288136
             19      0.0296495     0.00274592
             20       0.030143     0.00265261
             21      0.0324486       0.003383
             22      0.0324918      0.0032295
             23      0.0325591     0.00308979
             24      0.0320092      0.0030096
             25      0.0320608     0.00288966
             26      0.0318054     0.00278978
             27      0.0314081     0.00271459
             28      0.0321036     0.00270525
             29      0.0307628     0.00292543
             30       0.029954     0.00293758
             31      0.0293084     0.00291291
             32      0.0293494     0.00282217
             33      0.0289921     0.00275916
             34      0.0283194      0.0027588
             35      0.0283377     0.00268004
             36      0.0281683     0.00261094
             37      0.0279924     0.00254629
             38      0.0286163     0.00255457
             39      0.0284308      0.0024958
             40       0.029037     0.00250595
             41      0.0287317     0.00246336
             42      0.0289738     0.00241657
             43      0.0287507     0.00237065
             44      0.0280291     0.00242411
             45      0.0284582     0.00240793
             46      0.0278726     0.00242575
             47      0.0277472     0.00237737
             48      0.0280954      0.0023532
             49      0.0281559     0.00230596
             50      0.0277768     0.00229079
