              1       -0.45772              0
              2       -0.45874    0.000721249
              3      -0.460773     0.00172844
              4       -0.46288     0.00223808
              5      -0.462192     0.00189326
              6       -0.46204     0.00158381
              7      -0.461663     0.00140173
              8      -0.461595     0.00122816
              9      -0.461236     0.00114309
             10       -0.46204     0.00128094
             11      -0.462058     0.00116462
             12       -0.46165     0.00113685
             13      -0.462062     0.00112142
             14      -0.461994     0.00104333
             15      -0.461525     0.00107401
             16      -0.461253     0.00104096
             17      -0.460786     0.00107925
             18      -0.460736     0.00102047
             19      -0.460642    0.000971028
             20      -0.460702    0.000924322
             21      -0.460598    0.000886128
             22      -0.460529    0.000848532
             23      -0.460529    0.000811639
             24      -0.460667    0.000789461
             25      -0.460482    0.000779272
             26      -0.460752    0.000794931
             27      -0.460978    0.000796823
             28      -0.461089     0.00077603
             29      -0.460971    0.000758119
             30      -0.461147    0.000752917
             31      -0.461186    0.000729646
             32      -0.461226    0.000707965
             33      -0.461242    0.000686696
             34      -0.461265    0.000666861
             35      -0.461397    0.000660716
             36      -0.461256    0.000657239
             37       -0.46131     0.00064175
             38      -0.461326    0.000625062
             39      -0.461313     0.00060918
             40      -0.461419    0.000603133
             41       -0.46124    0.000614411
             42      -0.461356     0.00061067
             43      -0.461381    0.000596988
             44      -0.461375    0.000583459
             45      -0.461498    0.000583362
             46      -0.461576    0.000575855
             47      -0.461719    0.000581207
             48      -0.461752    0.000570007
             49      -0.461773    0.000558776
             50      -0.461785    0.000547724
